name: manim
channels:
  - anaconda
  - defaults
  - conda-forge
dependencies:
  - _libgcc_mutex=0.1=main
  - blas=1.0=mkl
  - bzip2=1.0.8=h7b6447c_0
  - ca-certificates=2020.6.20=hecda079_0
  - cairo=1.14.12=h8948797_3
  - certifi=2020.6.20=py37hc8dfbb8_0
  - colour=0.1.5=py37_0
  - ffmpeg=4.0.2=ha0c5888_2
  - fontconfig=2.13.0=h9420a91_0
  - freeglut=3.0.0=hf484d3e_5
  - freetype=2.10.2=h5ab3b9f_0
  - glib=2.65.0=h3eb4bd4_0
  - gmp=6.1.2=hf484d3e_1000
  - gnutls=3.5.19=h2a4e5f8_1
  - graphite2=1.3.14=h23475e2_0
  - harfbuzz=1.8.8=hffaf4a1_0
  - hdf5=1.10.2=hba1933b_1
  - icu=58.2=he6710b0_3
  - intel-openmp=2019.4=243
  - jasper=2.0.14=h07fcdf6_1
  - jpeg=9b=h024ee3a_2
  - ld_impl_linux-64=2.33.1=h53a641e_7
  - libedit=3.1.20191231=h14c3975_1
  - libffi=3.3=he6710b0_2
  - libgcc-ng=9.1.0=hdf63c60_0
  - libgfortran-ng=7.3.0=hdf63c60_0
  - libglu=9.0.0=hf484d3e_1
  - libiconv=1.15=h516909a_1006
  - libopencv=3.4.2=hb342d67_1
  - libopus=1.3.1=h7b6447c_0
  - libpng=1.6.37=hbc83047_0
  - libstdcxx-ng=9.1.0=hdf63c60_0
  - libtiff=4.1.0=h2733197_1
  - libuuid=1.0.3=h1bed415_2
  - libvpx=1.7.0=h439df22_0
  - libxcb=1.14=h7b6447c_0
  - libxml2=2.9.10=he19cac6_1
  - lz4-c=1.9.2=he6710b0_1
  - mkl=2018.0.3=1
  - mkl_fft=1.0.6=py37h7dd41cf_0
  - mkl_random=1.0.1=py37h4414c95_1
  - ncurses=6.2=he6710b0_1
  - nettle=3.3=0
  - numpy=1.15.0=py37h1b885b7_0
  - numpy-base=1.15.0=py37h3dfced4_0
  - olefile=0.46=py37_0
  - opencv=3.4.2=py37h6fd60c2_1
  - openh264=1.8.0=hdbcaa40_1000
  - openssl=1.1.1g=h516909a_1
  - pcre=8.44=he6710b0_0
  - pillow=5.2.0=py37heded4f4_0
  - pip=20.1.1=py37_1
  - pixman=0.40.0=h7b6447c_0
  - py-opencv=3.4.2=py37hb342d67_1
  - pycairo=1.18.0=py37h2a1e443_0
  - pydub=0.23.0=py_0
  - pygments=2.6.1=py_0
  - python=3.7.7=hcff3b4d_5
  - python_abi=3.7=1_cp37m
  - readline=8.0=h7b6447c_0
  - scipy=1.1.0=py37hc49cb51_0
  - setuptools=49.2.0=py37_0
  - sqlite=3.32.3=h62c20be_0
  - tbb=2020.0=hfd86e86_0
  - tbb4py=2020.0=py37hfd86e86_0
  - tk=8.6.10=hbc83047_0
  - tqdm=4.24.0=py37_0
  - wheel=0.34.2=py37_0
  - x264=1!152.20180717=h14c3975_1001
  - xz=5.2.5=h7b6447c_0
  - zlib=1.2.11=h7b6447c_3
  - zstd=1.4.5=h9ceee32_0
  - pip:
    - pyreadline==2.1

